%YAML:1.0
# Input-output configuration
input: [848, 800]
output: [848, 800]

# Camera calibration parameter
K1: !!opencv-matrix
   rows: 3
   cols: 3
   dt: d
   data: [ 285.76690673828125, 0.0, 418.6444091796875,
           0.0, 285.880615234375, 394.0722961425781, 
           0.0, 0.0, 1.0 ]
D1: !!opencv-matrix
   rows: 1
   cols: 4
   dt: d
   data: [-0.007553266827017069, 0.04588311165571213, -0.043209258466959, 0.008058602921664715]
K2: !!opencv-matrix
   rows: 3
   cols: 3
   dt: d
   data: [ 285.4117126464844, 0.0, 420.3713073730469,
           0.0, 285.50360107421875, 401.1481018066406, 
           0.0, 0.0, 1.0 ]
D2: !!opencv-matrix
   rows: 1
   cols: 4
   dt: d
   data: [-0.0028216259088367224, 0.033221110701560974, -0.030459459871053696, 0.0038244719617068768]
R: !!opencv-matrix
   rows: 3
   cols: 3
   dt: d
   data: [0.999979,-0.000533701, -0.00636678,
         0.000558898, 0.999992, 0.00395662,
         0.00636461, -0.0039601, 0.999972 ]
T: [-0.0642731785774231, -0.000135822221636772, -0.000175926150404848]
