%YAML:1.0
# Input-output configuration
input: [848, 800]
output: [424, 400]

# Camera calibration parameter
K1: !!opencv-matrix
   rows: 3
   cols: 3
   dt: d
   data: [ 142.883453369, 0.0, 209.32220459,
           0.0, 142.940307617, 197.036148071, 
           0.0, 0.0, 1.0 ]
D1: !!opencv-matrix
   rows: 1
   cols: 4
   dt: d
   data: [-0.007553266827017069, 0.04588311165571213, -0.043209258466959, 0.008058602921664715]
K2: !!opencv-matrix
   rows: 3
   cols: 3
   dt: d
   data: [ 142.705856323, 0.0, 210.185653687,
           0.0, 142.751800537, 200.574050903, 
           0.0, 0.0, 1.0 ]
D2: !!opencv-matrix
   rows: 1
   cols: 4
   dt: d
   data: [-0.0028216259088367224, 0.033221110701560974, -0.030459459871053696, 0.0038244719617068768]
R: !!opencv-matrix
   rows: 3
   cols: 3
   dt: d
   data: [0.999979,-0.000533701, -0.00636678,
         0.000558898, 0.999992, 0.00395662,
         0.00636461, -0.0039601, 0.999972 ]
T: [-0.0642731785774231, -0.000135822221636772, -0.000175926150404848]

