%YAML:1.0
# For use with simulator
# Input-output configuration
input: [400, 400]
output: [400, 400]

# Camera calibration parameter
K1: !!opencv-matrix
   rows: 3
   cols: 3
   dt: d
   data: [238.3515418007097, 0.0, 200.5,
          0.0, 238.3515418007097, 200.5, 
          0.0, 0.0, 1.0]
D1: !!opencv-matrix
   rows: 1
   cols: 4
   dt: d
   data: [0, 0, 0, 0]
P1:  !!opencv-matrix
   rows: 3
   cols: 4
   dt: d
   data: [238.3515418007097, 0.0, 200.5,
          0.0 , 0.0, 238.3515418007097,
          200.5, 0.0, 0.0,
          0.0, 1.0, 0.0]
K2: !!opencv-matrix
   rows: 3
   cols: 3
   dt: d
   data: [238.3515418007097, 0.0, 200.5,
          0.0, 238.3515418007097, 200.5,
          0.0, 0.0, 1.0]
D2: !!opencv-matrix
   rows: 1
   cols: 4
   dt: d
   data: [0, 0, 0, 0]
P2:  !!opencv-matrix
   rows: 3
   cols: 4
   dt: d
   data: [238.3515418007097, 0.0, 200.5,
           -16.68460792604968, 0.0, 238.3515418007097,
            200.5, 0.0, 0.0,
             0.0, 1.0, 0.0]
R: !!opencv-matrix
   rows: 3
   cols: 3
   dt: d
   data: [1, 0, 0,
          0, 1, 0,
          0, 0, 1]
T: [-0.0642731785774231, -0.000135822221636772, -0.000175926150404848]